K: 638.5270076822753 0.0 651.6201142179399 0.0 639.6344922989205 380.299699847051 0.0 0.0 1.0
D: 0.1484664404399764 -0.1667278614352755 0.003686203153382435 -0.0023373505197148 0.05756763058334073