K: 4.8468741566671224e+02 0.0 3.4344042941033211e+02 0.0, 4.8440452161286828e+02 2.6666393288603615e+02 0.0 0.0 1.0
D: -1.7992526473469750e-01 1.9376454839287977e-01 -4.3394920344838416e-04 6.0163441666037198e-05 -1.6567122732457054e-01
