K: 4.2643797003248977e+02 0.0 3.2472315448705064e+02 0.0 4.2709516917878517e+02 2.4098915764886888e+02 0.0 0.0 1.0
D: 1.9334083659029117e-01 -2.5656409314840734e-01 -4.8002823171585941e-04 1.6897782639234936e-03 1.0843695977336168e-01
